a-colocated: 345.71633309999993 ms
d-pp-ratings_details-reviews: 366.7100579499999 ms
m-details-ratings_pp_reviews: 386.40062255 ms
b-distributed: 405.4252082499998 ms
