a-colocated: 345.14888344999997 ms
d-pp-ratings_details-reviews: 382.49756769999993 ms
m-details-ratings_pp_reviews: 413.9417955499999 ms
b-distributed: 420.1264854499999 ms
