b-distributed: 321.75473759999994 ms
d-pp-ratings_details-reviews: 327.9690450499999 ms
m-details-ratings_pp_reviews: 337.6832962 ms
a-colocated: 400.64270899999997 ms
