d-pp-ratings_details-reviews: 719.1691747499999 ms
m-details-ratings_pp_reviews: 750.2661483499995 ms
a-colocated: 775.5825245999999 ms
b-distributed: 865.5201901499993 ms
