a-colocated: 301.21518745 ms
m-details-ratings_pp_reviews: 709.2738341999998 ms
b-distributed: 792.571658 ms
d-pp-ratings_details-reviews: 812.5100909999998 ms
