a-colocated: 777.3198285 ms
b-distributed: 811.9926871999999 ms
d-pp-ratings_details-reviews: 817.4365114 ms
m-details-ratings_pp_reviews: 875.5837080499991 ms
