a-colocated: 350.0442570999999 ms
d-pp-ratings_details-reviews: 386.0273588499999 ms
m-details-ratings_pp_reviews: 408.01505504999994 ms
b-distributed: 408.6227287 ms
